loaded data successfully
100
0.126048407255
200
0.11490181602
300
0.104793441656
400
0.0956847797499
500
0.0875148092568
600
0.0802092260337
700
0.073687873058
800
0.0678701813462
900
0.0626788018277
1000
0.0580417757516
1100
0.0538936229254
1200
0.0501756858249
1300
0.0468359981568
1400
0.0438288752789
1500
0.0411143629282
1600
0.0386576333141
1700
0.036428383469
1800
0.0344002672007
1900
0.0325503764996
2000
0.0308587785003
2100
0.0293081082448
2200
0.027883214227
2300
0.0265708520657
2400
0.0253594210313
2500
0.0242387381208
2600
0.0231998446813
2700
0.022234841011
2800
0.0213367449114
2900
0.0204993706592
3000
0.0197172253527
3100
0.0189854200286
3200
0.0182995933276
3300
0.0176558458268
3400
0.0170506834442
3500
0.0164809685662
3600
0.0159438777598
3700
0.0154368651065
3800
0.0149576303433
3900
0.014504091123
4000
0.0140743588097
4100
0.0136667173135
4200
0.0132796045469
4300
0.0129115961413
4400
0.0125613911211
4500
0.0122277992744
4600
0.0119097299966
4700
0.0116061824173
4800
0.011316236645
4900
0.0110390459894
5000
0.0107738300393
5100
0.0105198684909
5200
0.0102764956357
5300
0.0100430954294
5400
0.00981909707222
5500
0.00960397104246
5600
0.00939722553008
5700
0.00919840322568
5800
0.00900707842472
5900
0.00882285441227
6000
0.00864536109775
6100
0.00847425287268
6200
0.0083092066678
6300
0.00814992018851
6400
0.00799611031038
6500
0.00784751161816
6600
0.00770387507379
6700
0.00756496680071
6800
0.00743056697275
6900
0.00730046879765
7000
0.00717447758589
7100
0.00705240989689
7200
0.00693409275516
7300
0.00681936293001
7400
0.0067080662729
7500
0.00660005710723
7600
0.00649519766599
7700
0.00639335757268
7800
0.006294413362
7900
0.00619824803684
8000
0.0061047506583
8100
0.00601381596606
8200
0.00592534402646
8300
0.00583923990609
8400
0.00575541336868
8500
0.00567377859347
8600
0.00559425391332
8700
0.00551676157091
8800
0.00544122749175
8900
0.00536758107254
9000
0.00529575498373
9100
0.0052256849853
9200
0.00515730975457
9300
0.00509057072533
9400
0.00502541193729
9500
0.00496177989517
9600
0.00489962343676
9700
0.00483889360916
9800
0.00477954355281
9900
0.00472152839259
10000
0.0046648051356
10100
0.00460933257504
10200
0.00455507119996
10300
0.00450198311025
10400
0.0044500319367
10500
0.00439918276568
10600
0.00434940206819
10700
0.00430065763293
10800
0.00425291850323
10900
0.00420615491744
11000
0.00416033825276
11100
0.00411544097204
11200
0.00407143657361
11300
0.00402829954375
11400
0.00398600531181
11500
0.00394453020764
11600
0.00390385142133
11700
0.00386394696504
11800
0.00382479563687
11900
0.00378637698652
12000
0.00374867128276
12100
0.0037116594826
12200
0.0036753232019
12300
0.00363964468758
12400
0.0036046067911
12500
0.416284969921
12600
0.416413857688
12700
0.412023833232
12800
0.407261603464
12900
0.402088638945
13000
0.396462721608
13100
0.390337956664
13200
0.383664988823
13300
0.376391520454
13400
0.36846325838
13500
0.359825446085
13600
0.350425162838
13700
0.340214578786
13800
0.329155326371
13900
0.317224056975
14000
0.304419066728
14100
0.290767573103
14200
0.276332808908
14300
0.261219637128
14400
0.245577029165
14500
0.229595720543
14600
0.213499895047
14700
0.197532931523
14800
0.181938846146
14900
0.166942511311
15000
0.152732355686
15100
0.139448672358
15200
0.127179084432
15300
0.115960827347
15400
0.105788059717
15500
0.0966218182258
15600
0.0884004335921
15700
0.0810488829058
15800
0.0744862998343
15900
0.0686314618053
16000
0.0634064431701
16100
0.0587387906353
16200
0.0545626072374
16300
0.050818887696
16400
0.0474553767741
16500
0.0444261495211
16600
0.041691052208
16700
0.0392150896413
16800
0.0369678177356
16900
0.0349227704355
17000
0.0330569371048
17100
0.0313502962986
17200
0.0297854060029
17300
0.0283470471795
17400
0.0270219158505
17500
0.0257983583581
17600
0.0246661444236
17700
0.0236162729459
17800
0.0226408059281
17900
0.0217327264848
18000
0.0208858173572
18100
0.0200945568767
18200
0.0193540297607
18300
0.0186598505058
18400
0.0180080974865
18500
0.017395256158
18600
0.0168181700126
18700
0.016273998138
18800
0.0157601784169
18900
0.0152743955521
19000
0.0148145532219
19100
0.0143787497835
19200
0.0139652570256
19300
0.0135725015498
19400
0.0131990484213
19500
0.0128435867835
19600
0.0125049171736
19700
0.0121819403186
19800
0.0118736472163
19900
0.0115791103407
20000
0.0112974758268
20100
0.0110279565157
20200
0.0107698257526
20300
0.0105224118434
20400
0.0102850931011
20500
0.0100572934022
20600
0.00983847819755
20700
0.00962815092643
20800
0.00942584978707
20900
0.0092311448238
21000
0.00904363529618
21100
0.00886294729923
21200
0.00868873160781
21300
0.00852066172127
21400
0.0083584320875
21500
0.0082017564877
21600
0.00805036656546
21700
0.00790401048567
21800
0.00776245171016
21900
0.00762546787876
22000
0.00749284978526
22100
0.00736440043945
22200
0.00723993420683
22300
0.00711927601867
22400
0.0070022606462
22500
0.00688873203267
22600
0.00677854267827
22700
0.00667155307303
22800
0.00656763117356
22900
0.00646665191971
23000
0.00636849678771
23100
0.00627305337669
23200
0.00618021502563
23300
0.00608988045841
23400
0.00600195345437
23500
0.00591634254246
23600
0.00583296071701
23700
0.00575172517335
23800
0.00567255706174
23900
0.00559538125815
24000
0.00552012615057
24100
0.00544672343968
24200
0.00537510795274
24300
0.00530521746967
24400
0.00523699256058
24500
0.00517037643363
24600
0.0051053147927
24700
0.005041755704
24800
0.00497964947107
24900
0
0.407184859945
200
0.40214486364
300
0.396672909014
400
0.390725740916
500
0.384256746363
600
0.377216354734
700
0.369552800683
800
0.361213386583
900
0.352146406525
1000
0.342303907573
1100
0.331645451336
1200
0.320142978456
1300
0.307786742018
1400
0.294592038871
1500
0.280606120477
1600
0.265914241933
1700
0.250643414452
1800
0.234962234367
1900
0.219075452974
2000
0.203212752986
2100
0.187612601243
2200
0.172503518003
2300
0.158086098296
2400
0.144519105348
2500
0.131911861076
2600
0.12032344299
2700
0.10976757934
2800
0.100221175211
2900
0.0916342515599
3000
0.083939524456
3100
0.0770605412972
3200
0.0709179361102
3300
0.065433823427
3400
0.0605346003295
3500
0.0561525156822
3600
0.0522263561507
3700
0.0487015431753
3800
0.0455298659698
3900
0.042669011613
4000
0.0400820010248
4100
0.0377366003782
4200
0.0356047496825
4300
0.0336620314703
4400
0.0318871903266
4500
0.0302617064457
4600
0.0287694219659
4700
0.0273962164336
4800
0.0261297266399
4900
0.0249591057246
5000
0.0238748165587
5100
0.0228684547777
5200
0.021932597282
5300
0.0210606725226
5400
0.0202468493665
5500
0.0194859417823
5600
0.0187733269851
5700
0.0181048750306
5800
0.0174768881523
5900
0.0168860483968
6000
0.0163293723336
6100
0.015804171806
6200
0.0153080198462
6300
0.0148387210148
6400
0.0143942855356
6500
0.0139729066944
6600
0.0135729410476
6700
0.0131928910561
6800
0.012831389817
6900
0.0124871876118
7000
0.0121591400321
7100
0.0118461974777
7200
0.0115473958505
7300
0.011261848292
7400
0.0109887378354
7500
0.0107273108586
7600
0.0104768712395
7700
0.0102367751318
7800
0.0100064262854
7900
0.00978527184835
8000
0.00957279859561
8100
0.00936852953493
8200
0.00917202084791
8300
0.00898285912899
8400
0.00880065888976
8500
0.00862506029982
8600
0.00845572713891
8700
0.00829234493817
8800
0.00813461929071
8900
0.00798227431415
9000
0.00783505124961
9100
0.00769270718363
9200
0.00755501388062
9300
0.00742175671523
9400
0.00729273369482
9500
0.00716775456348
9600
0.00704663997992
9700
0.00692922076226
9800
0.00681533719362
9900
0.00670483838295
10000
0.00659758167603
10100
0.00649343211233
10200
0.00639226192346
10300
0.00629395006989
10400
0.00619838181227
10500
0.00610544831471
10600
0.0060150462772
10700
0.00592707759464
10800
0.00584144904048
10900
0.00575807197282
11000
0.00567686206115
11100
0.00559773903215
11200
0.00552062643304
11300
0.00544545141097
11400
0.00537214450737
11500
0.00530063946605
11600
0.00523087305394
11700
0.00516278489359
11800
0.00509631730655
11900
0.00503141516679
12000
0.00496802576342
12100
0.00490609867212
12200
0.00484558563449
12300
0.00478644044498
12400
0.00472861884459
12500
0.405348773259
12600
0.404458555015
12700
0.399073278189
12800
0.393216151915
12900
0.386840251375
13000
0.379895514183
13100
0.372329451266
13200
0.364088348218
13300
0.35511912083
13400
0.345372005103
13500
0.334804253687
13600
0.323384955993
13700
0.311100970155
13800
0.297963724482
13900
0.284016301864
14000
0.269339791414
14100
0.254057475894
14200
0.238335203307
14300
0.222376496921
14400
0.206411762585
14500
0.190682307893
14600
0.175421421581
14700
0.160835854504
14800
0.1470911431
14900
0.134303191311
15000
0.122536806533
15100
0.111810194061
15200
0.102103359266
15300
0.0933681416973
15400
0.0855380189497
15500
0.0785365132901
15600
0.0722837044646
15700
0.0667008373413
15800
0.0617132846691
15900
0.0572522273885
16000
0.0532554115101
16100
0.0496672859338
16200
0.0464387555925
16300
0.0435267182399
16400
0.0408934989626
16500
0.0385062555878
16600
0.0363363990814
16700
0.0343590533297
16800
0.0325525658973
16900
0.0308980734033
17000
0.0293791204817
17100
0.0279813287385
17200
0.0266921109281
17300
0.0255004251833
17400
0.0243965642324
17500
0.0233719748692
17600
0.0224191033126
17700
0.021531263361
17800
0.020702522609
17900
0.01992760545
18000
0.0192018096536
18100
0.0185209346187
18200
0.0178812195688
18300
0.0172792902112
18400
0.0167121126111
18500
0.016176953224
18600
0.0156713441922
18700
0.0151930531544
18800
0.0147400569171
18900
0.0143105184536
19000
0.013902766765
19100
0.0135152792128
19200
0.0131466659845
19300
0.0127956564114
19400
0.0124610868907
19500
0.0121418902047
19600
0.0118370860569
19700
0.0115457726707
19800
0.0112671193179
19900
0.0110003596617
20000
0.0107447858153
20100
0.0104997430307
20200
0.010264624941
20300
0.0100388692939
20400
0.00982195411771
20500
0.00961339427222
20600
0.00941273833732
20700
0.00921956580908
20800
0.00903348456235
20900
0.00885412855466
21000
0.00868115574492
21100
0.00851424620431
21200
0.0083531003993
21300
0.00819743762903
21400
0.00804699460154
21500
0.00790152413477
21600
0.00776079397001
21700
0.00762458568678
21800
0.0074926937094
21900
0.00736492439633
22000
0.00724109520463
22100
0.00712103392241
22200
0.00700457796303
22300
0.00689157371542
22400
0.00678187594548
22500
0.00667534724394
22600
0.00657185751664
22700
0.00647128351351
22800
0.00637350839292
22900
0.00627842131834
23000
0.00618591708468
23100
0.0060958957717
23200
0.00600826242237
23300
0.00592292674405
23400
0.00583980283075
23500
0.00575880890464
23600
0.00567986707539
23700
0.00560290311596
23800
0.00552784625343
23900
0.00545462897389
24000
0.00538318684017
24100
0.00531345832149
24200
0.00524538463418
24300
0.00517890959264
24400
0.00511397946981
24500
0.00505054286601
24600
0.00498855058669
24700
0.00492795552723
24800
0.0048687125649
24900
1
0.408162121466
200
0.403230545437
300
0.397880091556
400
0.392068962463
500
0.385752040898
600
0.378881220995
700
0.371406065486
800
0.363274914303
900
0.354436594999
1000
0.344842901959
1100
0.33445200614
1200
0.32323291262
1300
0.31117097366
1400
0.298274252918
1500
0.28458026319
1600
0.270162164222
1700
0.25513314609
1800
0.239647462449
1900
0.223896692579
2000
0.208100458165
2100
0.192492005445
2200
0.177300499073
2300
0.162733019551
2400
0.14895956234
2500
0.136103586685
2600
0.124239146305
2700
0.113393993462
2800
0.103556895108
2900
0.094687009535
3000
0.0867234386806
3100
0.079593683183
3200
0.0732203782493
3300
0.0675261942069
3400
0.0624370921452
3500
0.057884259638
3600
0.0538050718423
3700
0.0501433824796
3800
0.0468493860143
3900
0.0438792284243
4000
0.0411944894307
4100
0.038761616798
4200
0.0365513626323
4300
0.0345382504091
4400
0.0327000874339
4500
0.0310175285371
4600
0.0294736914257
4700
0.0280538210712
4800
0.0267449989633
4900
0.0255358924368
5000
0.0244165392321
5100
0.0233781626744
5200
0.0224130132608
5300
0.0215142329048
5400
0.02067573855
5500
0.0198921223051
5600
0.0191585656556
5700
0.0184707656615
5800
0.0178248713652
5900
0.0172174288985
6000
0.0166453340108
6100
0.0161057909354
6200
0.0155962766758
6300
0.0151145099343
6400
0.0146584240252
6500
0.0142261432123
6600
0.0138159619944
6700
0.0134263269372
6800
0.0130558207033
6900
0.0127031479886
7000
0.0123671231125
7100
0.0120466590452
7200
0.0117407576898
7300
0.0114485012563
7400
0.0111690445939
7500
0.010901608361
7600
0.0106454729311
7700
0.0103999729468
7800
0.0101644924437
7900
0.00993846047813
8000
0.00972134719998
8100
0.00951266032018
8200
0.00931194192786
8300
0.00911876561863
8400
0.00893273389966
8500
0.0087534758415
8600
0.00858064495034
8700
0.00841391723729
8800
0.00825298946409
8900
0.00809757754727
9000
0.00794741510426
9100
0.00780225212755
9200
0.0076618537739
9300
0.00752599925742
9400
0.00739448083645
9500
0.00726710288519
9600
0.0071436810421
9700
0.00702404142789
9800
0.00690801992654
9900
0.00679546152382
10000
0.00668621969783
10100
0.00658015585709
10200
0.00647713882199
10300
0.00637704434561
10400
0.00627975467075
10500
0.00618515811991
10600
0.00609314871548
10700
0.0060036258276
10800
0.00591649384745
10900
0.00583166188375
11000
0.00574904348078
11100
0.00566855635604
11200
0.00559012215599
11300
0.00551366622859
11400
0.00543911741114
11500
0.00536640783244
11600
0.00529547272795
11700
0.00522625026719
11800
0.00515868139232
11900
0.00509270966708
12000
0.00502828113547
12100
0.00496534418923
12200
0.00490384944367
12300
0.00484374962121
12400
0.00478499944202
12500
0.404837178535
12600
0.403923972863
12700
0.398524478138
12800
0.392654428741
12900
0.386267467669
13000
0.379314233462
13100
0.371743088091
13200
0.363501330147
13300
0.354537051746
13400
0.344801811846
13500
0.334254288148
13600
0.322865013553
13700
0.310622174988
13800
0.297538227102
13900
0.283656741063
14000
0.2690584991
14100
0.253865454186
14200
0.23824097555
14300
0.222385010348
14400
0.206523568836
14500
0.190893234003
14600
0.175722852336
14700
0.161215598618
14800
0.147534705139
14900
0.134795182719
15000
0.123062231429
15100
0.112355425876
15200
0.102656736071
15300
0.0939202051966
15400
0.0860814795084
15500
0.0790660401233
15600
0.0727956290738
15700
0.0671928349233
15800
0.0621840737959
15900
0.0577013084913
16000
0.0536828511398
16100
0.0500735457055
16200
0.0468245606877
16300
0.0438929588733
16400
0.0412411582183
16500
0.0388363577308
16600
0.0366499734148
16700
0.0346571096385
16800
0.0328360783963
16900
0.0311679708356
17000
0.0296362805985
17100
0.0282265758533
17200
0.0269262155805
17300
0.0257241052171
17400
0.0246104867843
17500
0.0235767589189
17600
0.022615322656
17700
0.0217194492768
17800
0.0208831670054
17900
0.0201011637749
18000
0.0193687036807
18100
0.0186815550839
18200
0.0180359286377
18300
0.0174284237796
18400
0.0168559824316
18500
0.0163158488658
18600
0.0158055348437
18700
0.0153227892721
18800
0.0148655717379
18900
0.0144320293773
19000
0.0140204766162
19100
0.0136293773966
19200
0.0132573295388
19300
0.0129030509685
19400
0.0125653675559
19500
0.0122432023593
19600
0.0119355660918
19700
0.0116415486576
19800
0.0113603116204
19900
0.0110910814586
20000
0.0108331437078
20100
0.0105858374653
20200
0.0103485506438
20300
0.010120715669
20400
0.00990180561376
20500
0.00969133071905
20600
0.00948883525793
20700
0.00929389470509
20800
0.00910611317809
20900
0.00892512112099
21000
0.00875057320512
21100
0.00858214642116
21200
0.00841953834862
21300
0.00826246557841
21400
0.00811066227602
21500
0.00796387887056
21600
0.00782188085729
21700
0.00768444770244
21800
0.00755137184047
21900
0.00742245775494
22000
0.00729752113506
22100
0.00717638810094
22200
0.0070588944911
22300
0.00694488520659
22400
0.00683421360674
22500
0.00672674095169
22600
0.00662233588784
22700
0.00652087397227
22800
0.0064222372329
22900
0.00632631376132
23000
0.00623299733543
23100
0.00614218706956
23200
0.00605378708967
23300
0.0059677062317
23400
0.00588385776102
23500
0.00580215911152
23600
0.00572253164259
23700
0.00564490041266
23800
0.00556919396807
23900
0.00549534414599
24000
0.00542328589037
24100
0.00535295707996
24200
0.00528429836744
24300
0.00521725302891
24400
0.00515176682294
24500
0.00508778785844
24600
0.00502526647083
24700
0.00496415510583
24800
0.00490440821037
24900
2
0.407827499846
200
0.402893154915
300
0.397541781291
400
0.391732083639
500
0.385419544768
600
0.378556766756
700
0.371094133777
800
0.36298091879
900
0.354166979338
1000
0.344605197242
1100
0.334254829941
1200
0.323085866787
1300
0.311084399208
1400
0.298258809487
1500
0.284646291285
1600
0.270318843146
1700
0.255387499851
1800
0.240003334105
1900
0.224353868744
2000
0.208654152998
2100
0.193132878823
2200
0.178015278486
2300
0.163505646203
2400
0.149772645327
2500
0.136939881997
2600
0.125082803315
2700
0.114231409697
2800
0.104377140284
2900
0.0954818764385
3000
0.0874872290347
3100
0.0803228438848
3200
0.0739130833014
3300
0.0681819375224
3400
0.0630563277356
3500
0.058468104196
3600
0.0543550708241
3700
0.0506613333774
3800
0.047337209449
3900
0.0443388772552
4000
0.0416278869855
4100
0.0391706167621
4200
0.0369377246501
4300
0.0349036268214
4400
0.0330460177221
4500
0.0313454389572
4600
0.0297848980157
4700
0.0283495347502
4800
0.0270263318098
4900
0.0258038645432
5000
0.0246720857155
5100
0.0236221405732
5200
0.0226462081504
5300
0.0217373651334
5400
0.0208894690423
5500
0.0200970579176
5600
0.0193552640836
5700
0.0186597399154
5800
0.0180065938384
5900
0.0173923350549
6000
0.0168138257226
6100
0.0162682394995
6200
0.0157530255383
6300
0.0152658771508
6400
0.0148047044825
6500
0.0143676106339
6600
0.0139528707538
6700
0.0135589136955
6800
0.0131843058913
6900
0.0128277371486
7000
0.0124880081132
7100
0.0121640191845
7200
0.0118547606946
7300
0.0115593041919
7400
0.0112767946904
7500
0.0110064437662
7600
0.0107475233965
7700
0.0104993604535
7800
0.0102613317741
7900
0.0100328597386
8000
0.00981340829942
8100
0.00960247940835
8200
0.0093996097975
8300
0.0092043680747
8400
0.00901635209869
8500
0.00883518660386
8600
0.0086605210478
8700
0.00849202765813
8800
0.00832939965781
8900
0.00817234965051
9000
0.00802060814982
9100
0.00787392223772
9200
0.0077320543396
9300
0.00759478110424
9400
0.00746189237878
9500
0.00733319026934
9600
0.00720848827932
9700
0.00708761051813
9800
0.00697039097376
9900
0.00685667284329
10000
0.00674630791635
10100
0.00663915600644
10200
0.00653508442623
10300
0.00643396750271
10400
0.00633568612891
10500
0.00624012734904
10600
0.00614718397414
10700
0.00605675422577
10800
0.00596874140538
10900
0.00588305358725
11000
0.0057996033331
11100
0.00571830742669
11200
0.0056390866266
11300
0.00556186543614
11400
0.00548657188861
11500
0.00541313734712
11600
0.00534149631759
11700
0.0052715862741
11800
0.00520334749551
11900
0.00513672291269
12000
0.00507165796547
12100
0.00500810046854
12200
0.0049460004859
12300
0.00488531021292
12400
0.00482598386578
12500
0.404467180919
12600
0.403544875666
12700
0.398144782927
12800
0.392276790673
12900
0.385895205248
13000
0.378951443802
13100
0.371394766098
13200
0.363173482021
13300
0.354236787306
13400
0.3445373927
13500
0.334035100091
13600
0.322701423387
13700
0.310525227249
13800
0.297519139805
13900
0.283726177731
14000
0.269225632509
14100
0.25413689621
14200
0.238619717661
14300
0.222869578278
14400
0.207107609972
14500
0.191565700749
14600
0.176468817934
14700
0.162017581316
14800
0.148374244857
14900
0.135654367463
15000
0.123924920838
15100
0.113208035017
15200
0.103488568358
15300
0.0947234150466
15400
0.0868507864216
15500
0.0797983140851
15600
0.0734894410978
15700
0.0678480336072
15800
0.0628014197049
15900
0.0582821773183
16000
0.0542290037756
16100
0.0505869569597
16200
0.0473072961227
16300
0.044347089322
16400
0.041668702805
16500
0.0392392478486
16600
0.0370300317331
16700
0.0350160396352
16800
0.0331754610726
16900
0.0314892661839
17000
0.0299408320873
17100
0.0285156167088
17200
0.0272008760234
17300
0.0259854200836
17400
0.0248594031555
17500
0.0238141435184
17600
0.0228419688713
17700
0.0219360837241
17800
0.0210904556032
17900
0.0202997173184
18000
0.0195590829286
18100
0.0188642753835
18200
0.0182114641182
18300
0.0175972111394
18400
0.0170184243619
18500
0.0164723171338
18600
0.0159563730766
18700
0.0154683154675
18800
0.0150060805259
18900
0.0145677940612
19000
0.0141517510153
19100
0.013756397506
19200
0.0133803150338
19300
0.0130222065632
19400
0.0126808842328
19500
0.012355258485
19600
0.0120443284278
19700
0.011747173278
19800
0.011462944749
19900
0.0111908602673
20000
0.0109301969164
20100
0.0106802860216
20200
0.0104405082988
20300
0.0102102895032
20400
0.00998909651779
20500
0.00977643383452
20600
0.00957184038128
20700
0.00937488665831
20800
0.00918517214923
20900
0.00900232297735
21000
0.00882598978101
21100
0.00865584578489
21200
0.00849158504688
21300
0.00833292086256
21400
0.00817958431122
21500
0.00803132292931
21600
0.00788789949898
21700
0.00774909093834
21800
0.00761468728825
21900
0.00748449078164
22000
0.00735831498994
22100
0.00723598403903
22200
0.00711733188819
22300
0.00700220166636
22400
0.0068904450606
22500
0.00678192175196
22600
0.00667649889473
22700
0.00657405063518
22800
0.00647445766645
22900
0.00637760681643
23000
0.00628339066598
23100
0.00619170719479
23200
0.00610245945275
23300
0.00601555525461
23400
0.0059309068962
23500
0.00584843089028
23600
0.00576804772071
23700
0.00568968161328
23800
0.00561326032204
23900
0.00553871492988
24000
0.00546597966067
24100
0.0053949916984
24200
0.00532569105542
24300
0.00525802038518
24400
0.00519192485203
24500
0.00512735199755
24600
0.0050642516153
24700
0.00500257563315
24800
0.00494227800298
24900
3
0.407476138324
200
0.402537795672
300
0.397184155962
400
0.391374412387
500
0.385064635024
600
0.378208120956
700
0.370756063454
800
0.362658657273
900
0.353866780111
1000
0.34433440399
1100
0.334021882352
1200
0.322900213695
1300
0.310956276556
1400
0.298198842369
1500
0.284664891581
1600
0.270425402885
1700
0.255589429009
1800
0.240305054289
1900
0.224755934151
2000
0.209152699901
2100
0.193719576725
2200
0.178677860856
2300
0.164228958924
2400
0.150540018026
2500
0.137734555978
2600
0.125889165992
2700
0.115035871848
2800
0.10516860533
2900
0.0962518455575
3000
0.0882296390102
3100
0.0810337463416
3200
0.0745902581778
3300
0.0688245064206
3400
0.0636644056884
3500
0.0590425072375
3600
0.0548970826868
3700
0.0511725267462
3800
0.0478193136531
3900
0.0447936834249
4000
0.0420571822848
4100
0.03957614052
4200
0.0373211405821
4300
0.0352665068122
4400
0.0333898337352
4500
0.0316715605241
4600
0.0300945934454
4700
0.0286439747215
4800
0.0273065944084
4900
0.0260709410814
5000
0.0249268868856
5100
0.0238655026363
5200
0.022878898965
5300
0.0219600899036
5400
0.0211028757179
5500
0.0203017422121
5600
0.0195517741016
5700
0.0188485803939
5800
0.0181882300187
5900
0.0175671962058
6000
0.0169823083391
6100
0.0164307102025
6200
0.0159098237005
6300
0.0154173172736
6400
0.0149510783459
6500
0.0145091892422
6600
0.0140899060964
6700
0.0136916403411
6800
0.013312942432
6900
0.0129524875087
7000
0.0126090627367
7100
0.012281556113
7200
0.0119689465469
7300
0.0116702950547
7400
0.0113847369297
7500
0.0111114747658
7600
0.0108497722324
7700
0.0105989485095
7800
0.0103583733043
7900
0.0101274623822
8000
0.00990567355226
8100
0.00969250305502
8200
0.00948748230822
8300
0.00929017496976
8400
0.0091001742836
8500
0.00891710067792
8600
0.00874059958839
8700
0.00857033948295
8800
0.00840601006696
8900
0.00824732065021
9000
0.00809399865932
9100
0.00794578828088
9200
0.00780244922239
9300
0.00766375557939
9400
0.00752949479858
9500
0.00739946672764
9600
0.00727348274354
9700
0.00715136495213
9800
0.00703294545223
9900
0.00691806565846
10000
0.00680657567744
10100
0.00669833373257
10200
0.00659320563319
10300
0.00649106428408
10400
0.00639178923202
10500
0.00629526624601
10600
0.0062013869285
10700
0.00611004835488
10800
0.00602115273905
10900
0.00593460712275
11000
0.00585032308683
11100
0.00576821648276
11200
0.00568820718259
11300
0.00561021884604
11400
0.0055341787034
11500
0.00546001735296
11600
0.00538766857181
11700
0.00531706913917
11800
0.00524815867115
11900
0.00518087946615
12000
0.00511517636016
12100
0.00505099659114
12200
0.00498828967193
12300
0.00492700727105
12400
0.00486710310075
12500
0.40409841916
12600
0.403167293939
12700
0.397766824304
12800
0.391901123672
12900
0.385525157322
13000
0.37859111423
13100
0.37104914222
13200
0.362848549248
13300
0.35393961765
13400
0.344276189277
13500
0.333819166809
13600
0.322541021214
13700
0.310431274151
13800
0.297502715178
13900
0.28379780987
14000
0.269394384471
14100
0.254409321949
14200
0.238998827607
14300
0.223354009962
14400
0.207691214578
14500
0.192237704731
14600
0.177214598963
14700
0.162819944086
14800
0.14921495432
14900
0.136515647536
15000
0.124790670881
15100
0.114064624705
15200
0.104325192918
15300
0.095532083647
15400
0.0876260594667
15500
0.0805369061658
15600
0.0741897827566
15700
0.0685098536243
15800
0.0634253811851
15900
0.0588695799156
16000
0.0547815514282
16100
0.0511065836926
16200
0.0477960399042
16300
0.0448070038363
16400
0.0421017980896
16500
0.0396474522866
16600
0.0374151694562
16700
0.0353798187906
16800
0.0335194695426
16900
0.0318149723062
17000
0.0302495885722
17100
0.0288086664993
17200
0.027479359224
17300
0.0262503813601
17400
0.0251117992088
17500
0.0240548503773
17600
0.0230717888453
17700
0.0221557519278
17800
0.0213006460087
17900
0.0205010483241
18000
0.0197521224511
18100
0.0190495454933
18200
0.0183894452464
18300
0.017768345886
18400
0.0171831209361
18500
0.0166309524662
18600
0.016109295623
18700
0.0156158477385
18800
0.0151485213727
18900
0.0147054207314
19000
0.0142848210154
19100
0.0138851502823
19200
0.0135049734913
19300
0.0131429784404
19400
0.0127979633473
19500
0.0124688258599
19600
0.012154553316
19700
0.0118542140916
19800
0.0115669499048
19900
0.0112919689546
20000
0.0110285397997
20100
0.0107759858786
20200
0.0105336806039
20300
0.0103010429603
20400
0.0100775335488
20500
0.00986265102563
20600
0.00965592889298
20700
0.00945693260136
20800
0.00926525693017
20900
0.00908052361633
21000
0.0089023792043
21100
0.00873049309455
21200
0.00856455576951
21300
0.00840427717893
21400
0.00824938526858
21500
0.00809962463772
21600
0.00795475531269
21700
0.00781455162539
21800
0.00767880118625
21900
0.00754730394292
22000
0.00741987131646
22100
0.00729632540776
22200
0.00717649826794
22300
0.0070602312269
22400
0.00694737427317
22500
0.00683778548438
22600
0.00673133049971
22700
0.00662788203289
22800
0.00652731942169
22900
0.00642952821087
23000
0.00633439976583
23100
0.00624183091415
23200
0.0061517236131
23300
0.00606398464058
23400
0.00597852530795
23500
0.00589526119274
23600
0.00581411188986
23700
0.00573500077967
23800
0.00565785481181
23900
0.00558260430337
24000
0.00550918275045
24100
0.0054375266521
24200
0.00536757534555
24300
0.00529927085218
24400
0.00523255773313
24500
0.00516738295411
24600
0.00510369575858
24700
0.00504144754879
24800
0.0049805917741
24900
4
0.407123539184
200
0.402181286189
300
0.396825478338
400
0.391015798936
500
0.384708903081
600
0.377858778915
700
0.370417422762
800
0.362335942698
900
0.353566226196
1000
0.344063318723
1100
0.333788651923
1200
0.322714214242
1300
0.310827653222
1400
0.298138116729
1500
0.284682370047
1600
0.270530386876
1700
0.255789274288
1800
0.240604187166
1900
0.225154989926
2000
0.209647977562
2100
0.194302978132
2200
0.17933739229
2300
0.16494973925
2400
0.151305609269
2500
0.138528360822
2600
0.126695648359
2700
0.115841437322
2800
0.105962086035
2900
0.0970246267276
3000
0.0889755183239
3100
0.0817486309357
3200
0.0752717907276
3300
0.0694716860128
3400
0.0642772431033
3500
0.0596217331389
3600
0.0554439131861
3700
0.051688482613
3800
0.0483060856196
3900
0.0452530349635
4000
0.0424908816677
4100
0.0399859150657
4200
0.0377086472982
4300
0.0356333148896
4400
0.0337374154279
4500
0.0320012878248
4600
0.0304077386635
4700
0.0289417135873
4800
0.0275900107405
4900
0.026341032327
5000
0.0251845700664
5100
0.0241116203841
5200
0.0231142254396
5300
0.0221853364632
5400
0.0213186962657
5500
0.0205087381794
5600
0.0197504990538
5700
0.0190395442613
5800
0.0183719029648
5900
0.017744012153
6000
0.0171526681731
6100
0.0165949846807
6200
0.0160683560883
6300
0.0155704257324
6400
0.0150990580953
6500
0.014652314518
6600
0.014228431923
6700
0.0138258041379
6800
0.0134429654685
6900
0.0130785762246
7000
0.0127314099399
7100
0.0124003420669
7200
0.0120843399598
7300
0.0117824539792
7400
0.0114938095815
7500
0.011217600271
7600
0.0109530813085
7700
0.0106995640872
7800
0.010456411097
7900
0.0102230314062
8000
0.00999887660339
8100
0.00978343714641
8200
0.00957623907131
8300
0.00937684102317
8400
0.00918483157235
8500
0.00899982678566
8600
0.00882146802518
8700
0.00864941995072
8800
0.00848336870457
8900
0.00832302025998
9000
0.00816809891652
9100
0.00801834592772
9200
0.00787351824778
9300
0.00773338738569
9400
0.00759773835636
9500
0.00746636871947
9600
0.00733908769775
9700
0.00721571536722
9800
0.00709608191281
9900
0.00698002694328
10000
0.00686739886018
10100
0.00675805427595
10200
0.00665185747688
10300
0.00654867992693
10400
0.00644839980892
10500
0.00635090159994
10600
0.00625607567801
10700
0.00616381795737
10800
0.00607402955011
10900
0.00598661645191
11000
0.00590148924995
11100
0.00581856285124
11200
0.00573775622967
11300
0.00565899219044
11400
0.00558219715035
11500
0.00550730093288
11600
0.00543423657684
11700
0.00536294015757
11800
0.00529335061982
11900
0.00522540962133
12000
0.00515906138643
12100
0.00509425256889
12200
0.00503093212329
12300
0.00496905118447
12400
0.00490856295431
12500
0.403728993148
12600
0.40278915073
12700
0.397388355096
12800
0.391524993989
12900
0.385154686145
13000
0.378230384765
13100
0.370703115585
13200
0.362523171635
13300
0.353641905955
13400
0.344014273198
13500
0.3336022574
13600
0.322379268541
13700
0.310335472604
13800
0.297483818792
13900
0.283866237146
14000
0.269559127556
14100
0.254676929169
14200
0.239372392754
14300
0.223832356091
14400
0.208268475632
14500
0.192903460606
14600
0.177954606604
14700
0.163617360429
14800
0.150051822336
14900
0.13737436504
15000
0.125655199131
15100
0.114921295145
15200
0.10516308675
15300
0.0963430487689
15400
0.0884044740212
15500
0.0812793019144
15600
0.0748944204698
15700
0.0691763129202
15800
0.0640541995358
15900
0.0594619547322
16000
0.0553391058585
16100
0.0516311896383
16200
0.0482896888598
16300
0.0452717157698
16400
0.0425395594961
16500
0.0400601759742
16600
0.0378046701193
16700
0.0357477997889
16800
0.0338675174619
16900
0.0321445567413
17000
0.030562065325
17100
0.0291052828858
17200
0.0277612605807
17300
0.0265186181248
17400
0.0253673341562
17500
0.0242985657346
17600
0.023304493116
17700
0.0223781863236
17800
0.0215134904372
17900
0.0207049269135
18000
0.0199476086142
18100
0.0192371665465
18200
0.0185696866112
18300
0.0179416548915
18400
0.0173499102668
18500
0.0167916032768
18600
0.016264160352
18700
0.015765252649
18800
0.015292768844
18900
0.0148447913355
19000
0.0144195753864
19100
0.0140155308082
19200
0.0136312058455
19300
0.0132652729655
19400
0.0129165163094
19500
0.0125838205875
19600
0.0122661612326
19700
0.0119625956542
19800
0.0116722554565
19900
0.0113943395031
20000
0.0111281077225
20100
0.0108728755698
20200
0.0106280090641
20300
0.0103929203356
20400
0.0101670636233
20500
0.00994993167435
20600
0.00974105249617
20700
0.00953998642469
20800
0.00934632347431
20900
0.00915968093851
21000
0.00897970121446
21100
0.00880604982821
21200
0.00863841363957
21300
0.00847649920822
21400
0.00832003130476
21500
0.00816875155216
21600
0.00802241718461
21700
0.00788079991255
21800
0.00774368488329
21900
0.0076108697284
22000
0.00748216368946
22100
0.007357386815
22200
0.007236369222
22300
0.00711895041608
22400
0.00700497866507
22500
0.00689431042128
22600
0.00678680978814
22700
0.00668234802723
22800
0.0065808031024
22900
0.00648205925776
23000
0.00638600662692
23100
0.00629254086918
23200
0.00620156283414
23300
0.00611297824864
23400
0.00602669742603
23500
0.00594263499575
23600
0.00586070965152
23700
0.00578084391667
23800
0.00570296392533
23900
0.00562699921825
24000
0.00555288255209
24100
0.00548054972122
24200
0.00540993939107
24300
0.00534099294218
24400
0.00527365432418
24500
0.00520786991892
24600
0.00514358841218
24700
0.00508076067332
24800
0.00501933964226
24900
5
0.406769715299
200
0.401823645414
300
0.396465778628
400
0.390656286169
500
0.384352406014
600
0.377508813625
700
0.37007830232
800
0.362012884863
900
0.353265446682
1000
0.343792091743
1100
0.333555312144
1200
0.322528067036
1300
0.310698754806
1400
0.298076886697
1500
0.284699010236
1600
0.270634107711
1700
0.25598737501
1800
0.24090109412
1900
0.22555141224
2000
0.210140367584
2100
0.194883459776
2200
0.17999423492
2300
0.165668327141
2400
0.152069732538
2500
0.139321582607
2600
0.127502511123
2700
0.116648345333
2800
0.106757804651
2900
0.0978004295254
3000
0.0897250673707
3100
0.0824676913927
3200
0.0759578695778
3300
0.070123660686
3400
0.0648950204094
3500
0.0602059583286
3600
0.0559957345341
3700
0.0522093686849
3800
0.0487976882594
3900
0.0457170897417
4000
0.0429291377872
4100
0.040400087728
4200
0.0381003867639
4300
0.0360041876769
4400
0.0340888941506
4500
0.0323347470463
4600
0.0307244548317
4700
0.0292428676481
4800
0.0278766924235
4900
0.0266142453999
5000
0.0254452380717
5100
0.0243605925168
5200
0.0233522823521
5300
0.0224131958552
5400
0.0215370181761
5500
0.0207181299332
5600
0.0199515198464
5700
0.0192327093779
5800
0.018557687645
5900
0.0179228551189
6000
0.0173249748401
6100
0.0167611300741
6200
0.0162286874905
6300
0.0157252650823
6400
0.0152487041629
6500
0.0147970448747
6600
0.0143685047268
6700
0.0139614597514
6800
0.0135744279262
6900
0.0132060545642
7000
0.0128550994104
7100
0.0125204252272
7200
0.0122009876765
7300
0.0118958263353
7400
0.0116040567045
7500
0.0113248630869
7600
0.0110574922305
7700
0.0108012476453
7800
0.0105554845125
7900
0.0103196051185
8000
0.0100930547525
8100
0.00987531801521
8200
0.00966591549166
8300
0.00946440074921
8400
0.0092703576238
8500
0.00908339776395
8600
0.00890315840477
8700
0.00872930034788
8800
0.00856150612556
8900
0.00839947833041
9000
0.00824293809355
9100
0.00809162369656
9200
0.00794528930373
9300
0.00780370380308
9400
0.0076666497453
9500
0.00753392237159
9600
0.00740532872163
9700
0.00728068681453
9800
0.00715982489571
9900
0.00704258074391
10000
0.00692880103282
10100
0.00681834074236
10200
0.00671106261537
10300
0.00660683665569
10400
0.00650553966398
10500
0.00640705480811
10600
0.0063112712253
10700
0.0062180836531
10800
0.00612739208709
10900
0.00603910146293
11000
0.00595312136087
11100
0.00586936573083
11200
0.00578775263662
11300
0.0057082040175
11400
0.00563064546598
11500
0.00555500602043
11600
0.00548121797158
11700
0.00540921668156
11800
0.00533894041486
11900
0.00527033018007
12000
0.0052033295818
12100
0.00513788468188
12200
0.0050739438693
12300
0.0050114577382
12400
0.00495037897333
12500
0.403358720316
12600
0.402410252273
12700
0.397009174091
12800
0.391148192816
12900
0.384783575265
13000
0.377869031411
13100
0.370356454973
13200
0.362197111362
13300
0.353343408826
13400
0.343751396983
13500
0.333384122355
13600
0.322215916462
13700
0.310237577399
13800
0.29746221243
13900
0.283931231347
14000
0.269719645595
14100
0.254939514095
14200
0.239740219827
14300
0.22430442969
14400
0.208839206674
14500
0.193562776471
14600
0.178688639101
14700
0.164409617278
14800
0.150884626778
14900
0.13823029412
15000
0.126518283213
15100
0.115777834977
15200
0.106002056062
15300
0.0971561389495
15400
0.0891858836735
15500
0.0820253808131
15600
0.0756032589836
15700
0.0698473397861
15800
0.0646878242638
15900
0.0600592698823
16000
0.0559016511457
16100
0.0521607723243
16200
0.0487882516649
16300
0.0457412429041
16400
0.0429820121403
16500
0.0404774498466
16600
0.0381985692013
16700
0.0361200216007
16800
0.0342196464075
16900
0.0324780629449
17000
0.0308783070855
17100
0.029405511409
17200
0.0280466260446
17300
0.026790176426
17400
0.0256260538933
17500
0.0245453351354
17600
0.0235401267233
17700
0.0226034313266
17800
0.021729032588
17900
0.0209113960021
18000
0.0201455835005
18100
0.0194271797594
18200
0.018752228535
18300
0.0181171775733
18400
0.0175188308615
18500
0.0169543071664
18600
0.0164210039665
18700
0.0159165660161
18800
0.0154388578933
18900
0.0149859399806
19000
0.0145560474078
19100
0.0141475715558
19200
0.0137590437787
19300
0.0133891210501
19400
0.0130365732829
19500
0.012700272106
19600
0.0123791809121
19700
0.0120723460183
19800
0.0117788887974
19900
0.0114979986642
20000
0.0112289268149
20100
0.0109709806241
20200
0.0107235186266
20300
0.0104859460129
20400
0.0102577105816
20500
0.0100382990957
20600
0.00982723399776
20700
0.00962407044375
20800
0.00942839362129
20900
0.00923981632286
21000
0.00905797674407
21100
0.00888253648567
21200
0.00871317873766
21300
0.00854960662486
21400
0.00839154170059
21500
0.0082387225719
21600
0.00809090364354
21700
0.00794785396936
21800
0.00780935620047
21900
0.00767520562112
22000
0.00754520926399
22100
0.00741918509745
22200
0.00729696127813
22300
0.00717837546294
22400
0.00706327417513
22500
0.00695151221956
22600
0.00684295214288
22700
0.00673746373467
22800
0.00663492356607
22900
0.00653521456262
23000
0.00643822560849
23100
0.00634385117947
23200
0.00625199100229
23300
0.00616254973821
23400
0.00607543668886
23500
0.00599056552251
23600
0.00590785401927
23700
0.0058272238336
23800
0.0057486002729
23900
0.00567191209116
24000
0.00559709129504
24100
0.00552407296452
24200
0.00545279508393
24300
0.00538319838415
24400
0.00531522619479
24500
0.00524882430582
24600
0.00518394083763
24700
0.00512052611933
24800
0.00505853257434
24900
6
0.406414503432
200
0.401464705032
300
0.396104881708
400
0.390295691673
500
0.3839949537
600
0.377158026694
700
0.369738495016
800
0.361689267507
900
0.352964215967
1000
0.343520488192
1100
0.333321619435
1200
0.322341520781
1300
0.310569323909
1400
0.298014891001
1500
0.284714549648
1600
0.270736304537
1700
0.25618347465
1800
0.241195524843
1900
0.225944957744
2000
0.210629632984
2100
0.195460789796
2200
0.180648160932
2300
0.166384498797
2400
0.152832169668
2500
0.140114012144
2600
0.128309558334
2700
0.117456417538
2800
0.107555604189
2900
0.0985791208552
3000
0.0904781780773
3100
0.0831908444563
3200
0.0766484350097
3300
0.0707803922311
3400
0.0655177185224
3500
0.0607951802423
3600
0.0565525581319
3700
0.0527352079403
3800
0.0492941539767
3900
0.0461858876962
4000
0.0433719964799
4100
0.0408187088581
4200
0.0384964126849
4300
0.0363791812731
4400
0.0344443276078
4500
0.0326719968578
4600
0.0310448010678
4700
0.0295474960538
4800
0.0281666983105
4900
0.026890638603
5000
0.0257089484544
5100
0.0246124756847
5200
0.0235931253354
5300
0.0226437226129
5400
0.0217578948249
5500
0.0209299696546
5600
0.0201548874443
5700
0.0194281254843
5800
0.0187456325785
5900
0.0181037724117
6000
0.0174992744529
6100
0.0169291913209
6200
0.0163908616948
6300
0.0158818779875
6400
0.0154000581182
6500
0.0149434208172
6600
0.0145101639786
6700
0.0140986456495
6800
0.0137073673013
6900
0.0133349590825
7000
0.0129801667931
7100
0.012641840358
7200
0.0123189236099
7300
0.0120104452139
7400
0.0117155105947
7500
0.0114332947418
7600
0.0111630357857
7700
0.0109040292547
7800
0.0106556229297
7900
0.0104172122298
8000
0.0101882360641
8100
0.00996817310143
8200
0.00975653840571
8300
0.00955288040084
8400
0.00935677812678
8500
0.00916783875603
8600
0.00898569534267
8700
0.00881000477934
8800
0.00864044594068
8900
0.0084767179939
9000
0.00831853885967
9100
0.00816564380805
9200
0.00801778417631
9300
0.00787472619648
9400
0.00773624992214
9500
0.00760214824493
9600
0.00747222599229
9700
0.00734629909877
9800
0.00722419384428
9900
0.00710574615299
10000
0.00699080094747
10100
0.00687921155317
10200
0.00677083914878
10300
0.00666555225835
10400
0.00656322628175
10500
0.0064637430601
10600
0.00636699047309
10700
0.00627286206578
10800
0.00618125670223
10900
0.00609207824384
11000
0.00600523525037
11100
0.00592064070188
11200
0.00583821173985
11300
0.00575786942602
11400
0.00567953851755
11500
0.00560314725723
11600
0.00552862717767
11700
0.00545591291828
11800
0.0053849420542
11900
0.00531565493624
12000
0.00524799454101
12100
0.00518190633054
12200
0.00511733812071
12300
0.00505423995778
12400
0.00499256400251
12500
0.402987449853
12600
0.402030439371
12700
0.3966291173
12800
0.390770551446
12900
0.384411651436
13000
0.377506876714
13100
0.370008979265
13200
0.36187018445
13300
0.353043940609
13400
0.343487374921
13500
0.333164578004
13600
0.322050785892
13700
0.310137416958
13800
0.29743773499
13900
0.283992644349
14000
0.269875804853
14100
0.255196956932
14200
0.240102200153
14300
0.224770128019
14400
0.209403304055
14500
0.194215540732
14600
0.179416571424
14700
0.165196573847
14800
0.151713212458
14900
0.139083269957
15000
0.127379755626
15100
0.116634081598
15200
0.106841950008
15300
0.097971220356
15400
0.0899701749171
15500
0.0827750511068
15600
0.0763162281051
15700
0.0705228844035
15800
0.0653262241078
15900
0.060661510461
16000
0.0564691864408
16100
0.0526953427234
16200
0.0492917490473
16300
0.0462156138736
16400
0.0434291909488
16500
0.0408993137537
16600
0.0385969103206
16700
0.0364965306316
16800
0.0345759047661
16900
0.0328155406241
17000
0.0311983643444
17100
0.0297094029098
17200
0.0283355064605
17300
0.0270651068376
17400
0.0258880085067
17500
0.0247952080116
17600
0.0237787383163
17700
0.022831534707
17800
0.0219473192821
17900
0.0211205014133
18000
0.020346091904
18100
0.0196196288784
18200
0.0189371137153
18300
0.0182949555812
18400
0.0176899233297
18500
0.0171191037169
18600
0.0165798650379
18700
0.016069825421
18800
0.0155868251316
18900
0.0151289023318
19000
0.014694271824
19100
0.014281306375
19200
0.0138885202759
19300
0.0135145548431
19400
0.0131581656067
19500
0.0128182109698
19600
0.0124936421499
19700
0.0121834942435
19800
0.0118868782724
19900
0.0116029740935
20000
0.011331024066
20100
0.0110703273866
20200
0.010820235014
20300
0.0105801451145
20400
0.0103494989646
20500
0.0101277772679
20600
0.00991449683114
20700
0.0097092075641
20800
0.00951148976642
20900
0.00932095167136
21000
0.00913722721876
21100
0.00895997403306
21200
0.00878887158531
21300
0.00862361952009
21400
0.0084639361308
21500
0.0083095569684
21600
0.0081602335704
21700
0.00801573229814
21800
0.00787583327296
21900
0.00774032940044
22000
0.00760902547447
22100
0.00748173735503
22200
0.00735829121176
22300
0.00723852282771
22400
0.00712227695772
22500
0.00700940673664
22600
0.00689977313305
22700
0.00679324444434
22800
0.00668969582979
22900
0.00658900887827
23000
0.00649107120766
23100
0.00639577609352
23200
0.00630302212422
23300
0.00621271288075
23400
0.00612475663901
23500
0.00603906609281
23600
0.00595555809601
23700
0.00587415342217
23800
0.00579477654047
23900
0.00571735540663
24000
0.00564182126759
24100
0.00556810847902
24200
0.00549615433471
24300
0.00542589890684
24400
0.00535728489646
24500
0.00529025749338
24600
0.00522476424478
24700
0.00516075493201
24800
0.00509818145503
24900
7
0.40605775111
200
0.401104306577
300
0.395742622682
400
0.389933843732
500
0.383636367058
600
0.376806231232
700
0.369397805749
800
0.361364886972
900
0.352662321661
1000
0.343248286999
1100
0.33308734432
1200
0.322154338455
1300
0.310439117432
1400
0.297951882521
1500
0.284728739692
1600
0.27083672984
1700
0.256377329133
1800
0.241487240346
1900
0.226335393079
2000
0.211115545694
2100
0.196034744136
2200
0.181298948981
2300
0.167098035353
2400
0.153592705621
2500
0.140905441347
2600
0.129116593153
2700
0.11826547301
2800
0.108355323706
2900
0.0993605626618
3000
0.0912347367483
3100
0.0839180008937
3200
0.077343421239
3300
0.0714418364847
3400
0.0661453125654
3500
0.0613893908678
3600
0.0571143903414
3700
0.0532660187251
3800
0.0497955109429
3900
0.0466594649107
4000
0.0438195000833
4100
0.0412418256329
4200
0.0388967758883
4300
0.0367583491658
4400
0.0348037711321
4500
0.0330130937696
4600
0.0313688345195
4700
0.0298556561555
4800
0.028460085609
4900
0.0271702687222
5000
0.0259757573647
5100
0.024867325238
5200
0.0238368088165
5300
0.0228769701462
5400
0.0219813785388
5500
0.021144308541
5600
0.0203606518879
5700
0.0196258414489
5800
0.0189357854572
5900
0.0182868105513
6000
0.0176756123716
6100
0.0170992126386
6200
0.0165549217973
6300
0.0160403064465
6400
0.0155531608884
6500
0.0150914822291
6600
0.0146534485475
6700
0.0142373997162
6800
0.0138418205221
6900
0.013465325782
7000
0.0131066471935
7100
0.0127646216973
7200
0.0124381811585
7300
0.0121263432013
7400
0.0118282030538
7500
0.0115429262789
7600
0.0112697422839
7700
0.0110079385163
7800
0.010756855265
7900
0.0105158809945
8000
0.0102844481537
8100
0.0100620294031
8200
0.00984813421467
8300
0.00964230580219
8400
0.00944411834734
8500
0.00925317448818
8600
0.00906910304292
8700
0.00889155694382
8800
0.00872021135956
8900
0.00855476198661
9000
0.00839492349251
9100
0.00824042809576
9200
0.00809102426882
9300
0.00794647555225
9400
0.00780655946905
9500
0.0076710665298
9600
0.00753979931994
9700
0.00741257166147
9800
0.00728920784231
9900
0.00716954190703
10000
0.00705341700325
10100
0.00694068477989
10200
0.00683120483032
10300
0.00672484417884
10400
0.00662147680566
10500
0.00652098320713
10600
0.00642324998848
10700
0.00632816948616
10800
0.00623563941742
10900
0.00614556255489
11000
0.00605784642409
11100
0.00597240302211
11200
0.00588914855566
11300
0.00580800319713
11400
0.00572889085707
11500
0.00565173897198
11600
0.00557647830616
11700
0.00550304276657
11800
0.00543136922974
11900
0.00536139737986
12000
0.00529306955714
12100
0.00522633061577
12200
0.00516112779083
12300
0.00509741057337
12400
0.00503513059318
12500
0.402615040637
12600
0.401649563176
12700
0.396248031632
12800
0.390391912643
12900
0.384038753482
13000
0.377143755926
13100
0.369660520691
13200
0.361542220939
13300
0.352743330269
13400
0.343222036467
13500
0.332943456305
13600
0.321883713767
13700
0.31003483594
13800
0.297410241607
13900
0.284050344069
14000
0.270027487223
14100
0.255449152929
14200
0.240458239416
14300
0.225229361948
14400
0.209960676986
14500
0.194861653796
14600
0.180138289535
14700
0.165978099098
14800
0.152537432482
14900
0.139933134344
15000
0.128239453654
15100
0.117489875362
15200
0.107682619003
15300
0.0987881589589
15400
0.0907572328753
15500
0.083528218847
15600
0.0770332551271
15700
0.0712028944301
15800
0.0659693652977
15900
0.0612686591801
16000
0.0570417087059
16100
0.0532349098524
16200
0.0498002000268
16300
0.0466948558514
16400
0.0438811296241
16500
0.0413258064896
16600
0.0389997361384
16700
0.0368773724116
16800
0.0349363401365
16900
0.0331570387758
17000
0.0315222869495
17100
0.0300170076446
17200
0.0286279521383
17300
0.0273434594401
17400
0.0261532476244
17500
0.0250482333648
17600
0.0240203761369
17700
0.0230625438469
17800
0.0221683969685
17900
0.0213322886209
18000
0.0205491782895
18100
0.0198145573375
18200
0.0191243845437
18300
0.0184750302631
18400
0.0178632279819
18500
0.0172860322137
18600
0.0167407818425
18700
0.0162250681501
18800
0.0157367068775
18900
0.0152737137636
19000
0.0148342830907
19100
0.0144167688281
19200
0.0140196680311
19300
0.0136416061955
19400
0.0132813243153
19500
0.0129376674231
19600
0.0126095744254
19700
0.0122960690714
19800
0.0119962519128
19900
0.0117092931353
20000
0.0114344261563
20100
0.011170941896
20200
0.010918183645
20300
0.0106755424568
20400
0.0104424530064
20500
0.0102183898626
20600
0.0100028641254
20700
0.0097954203916
20800
0.0095956340097
20900
0.00940310859544
21000
0.00921747377724
21100
0.00903838315057
21200
0.00886551241908
21300
0.00869855770119
21400
0.00853723398713
21500
0.00838127373107
21600
0.00823042556495
21700
0.00808445312205
21800
0.00794313395983
21900
0.00780625857251
22000
0.00767362948489
22100
0.00754506041993
22200
0.00742037553326
22300
0.00729940870847
22400
0.00718200290783
22500
0.00706800957297
22600
0.00695728807302
22700
0.00684970519275
22800
0.00674513466015
22900
0.00664345670898
23000
0.00654455767344
23100
0.00644832961218
23200
0.00635466995948
23300
0.00626348120108
23400
0.00617467057295
23500
0.00608814978091
23600
0.00600383473972
23700
0.00592164532978
23800
0.00584150517045
23900
0.00576334140835
24000
0.0056870845198
24100
0.00561266812609
24200
0.00554002882084
24300
0.00546910600837
24400
0.00539984175238
24500
0.00533218063419
24600
0.00526606961977
24700
0.00520145793508
24800
0.00513829694892
24900
8
0.405699316585
200
0.400742302884
300
0.395378848668
400
0.389570583278
500
0.38327648044
600
0.376453254521
700
0.369056054222
800
0.361039555056
900
0.35235956745
1000
0.342975283707
1100
0.332852274621
1200
0.321966300875
1300
0.310307910478
1400
0.297887632541
1500
0.284741350191
1600
0.270935154838
1700
0.256568713337
1800
0.24177602043
1900
0.22672250295
2000
0.211597894095
2100
0.196605113074
2200
0.181946389837
2300
0.167808727788
2400
0.154351133137
2500
0.141695667835
2600
0.129923422534
2700
0.119075332838
2800
0.109156802731
2900
0.100144616095
3000
0.0919946279315
3100
0.0846490690421
3200
0.0780427596251
3300
0.0721079462306
3400
0.0667777746268
3500
0.0619885791416
3600
0.0576812345252
3700
0.0538018165874
3800
0.0503017847606
3900
0.0471378551344
4000
0.0442716888079
4100
0.0416694833006
4200
0.0393015254557
4300
0.0371417432642
4400
0.0351672786271
4500
0.0333580929973
4600
0.031696611158
4700
0.0301674042309
4800
0.0287569105438
4900
0.0274531916443
5000
0.0262457201269
5100
0.0251251957628
5200
0.024083386508
5300
0.0231129911954
5400
0.0222075210131
5500
0.0213611971941
5600
0.0205688626524
5700
0.0198259056027
5800
0.0191281934611
5900
0.0184720155691
6000
0.017854033488
6100
0.0172712377939
6200
0.0167209104588
6300
0.016200592037
6400
0.0157080529927
6500
0.0152412685981
6600
0.0147983969169
6700
0.0143777594591
6800
0.0139778241492
6900
0.013597190305
7000
0.0132345753647
7100
0.0128888031367
7200
0.0125587933807
7300
0.0122435525501
7400
0.0119421655549
7500
0.0116537884176
7600
0.011377641716
7700
0.0111130047174
7800
0.0108592101246
7900
0.010615639361
8000
0.0103817183329
8100
0.0101569136165
8200
0.00994072901953
8300
0.00973270247879
8400
0.0095324032545
8500
0.00933942939116
8600
0.00915340541557
8700
0.0089739802475
8800
0.00880082530073
8900
0.00863363275498
9000
0.00847211398143
9100
0.00831599810631
9200
0.00816503069902
9300
0.00801897257258
9400
0.00787759868543
9500
0.00774069713509
9600
0.00760806823479
9700
0.00747952366548
9800
0.00735488569618
9900
0.00723398646649
10000
0.00711666732552
10100
0.00700277822245
10200
0.00689217714386
10300
0.00678472959399
10400
0.00668030811407
10500
0.0065787918375
10600
0.00648006607774
10700
0.0063840219462
10800
0.00629055599779
10900
0.00619956990158
11000
0.00611097013482
11100
0.00602466769829
11200
0.00594057785126
11300
0.00585861986472
11400
0.00577871679113
11500
0.00570079524978
11600
0.00562478522627
11700
0.00555061988518
11800
0.00547823539503
11900
0.00540757076436
12000
0.00533856768838
12100
0.00527117040508
12200
0.00520532556109
12300
0.00514098208476
12400
0.0050780910678
12500
0.40224136013
12600
0.401267484054
12700
0.395865773743
12800
0.390012129479
12900
0.383664731116
13000
0.376779515719
13100
0.369310923442
13200
0.361213063336
13300
0.352441419788
13400
0.342955224574
13500
0.332720603105
13600
0.32171455114
13700
0.309929693186
13800
0.297379601499
13900
0.284104212221
14000
0.270174587904
14100
0.255696010034
14200
0.24080825534
14300
0.225682053848
14400
0.210511245478
14500
0.195501026133
14600
0.180853688814
14700
0.16675407052
14800
0.153357147352
14900
0.140779735112
15000
0.129097219123
15100
0.118345059653
15200
0.108523915086
15300
0.0996068211344
15400
0.0915469421147
15500
0.0842847887901
15600
0.0777542653966
15700
0.071887314987
15800
0.0666172113082
15900
0.0618806959072
16000
0.0576192120635
16100
0.0537794799553
16200
0.0503136209557
16300
0.0471789934698
16400
0.0443378594624
16500
0.0417569646546
16600
0.0394070874054
16700
0.0372625908703
16800
0.0353009987345
16900
0.0335026052067
17000
0.0318501237287
17100
0.0303283749997
17200
0.0289240126487
17300
0.0276252836896
17400
0.0264218203524
17500
0.0253044597652
17600
0.0242650880746
17700
0.0232965058445
17800
0.0223923118716
17900
0.0215468028856
18000
0.0207548869109
18100
0.0200120083569
18200
0.0193140832003
18300
0.0186574427571
18400
0.0180387849197
18500
0.0174551317324
18600
0.0169037924454
18700
0.0163823312774
18800
0.0158885392352
18900
0.015420409434
19000
0.0149761154438
19100
0.0145539922549
19200
0.014152519514
19300
0.0137703067334
19400
0.0134060802172
19500
0.0130586714826
19600
0.0127270069894
19700
0.0124100990113
19800
0.0121070375098
19900
0.0118169828871
20000
0.0115391595168
20100
0.0112728499401
20200
0.0110173896856
20300
0.0107721626078
20400
0.0105365966982
20500
0.0103101603132
20600
0.0100923587746
20700
0.00988273129843
20800
0.00968084821874
20900
0.00948630847302
21000
0.00929873732251
21100
0.0091177842822
21200
0.00894312123896
21300
0.0087744407385
21400
0.00861145442408
21500
0.00845389161189
21600
0.0083014979899
21700
0.00815403442636
21800
0.00801127587992
21900
0.00787301040113
22000
0.00773903821493
22100
0.00760917087823
22200
0.0074832305052
22300
0.00736104905403
22400
0.00724246766986
22500
0.00712733607859
22600
0.00701551202732
22700
0.0069068607672
22800
0.00680125457519
22900
0.00669857231122
23000
0.00659869900797
23100
0.00650152549031
23200
0.00640694802248
23300
0.0063148679797
23400
0.00622519154336
23500
0.00613782941787
23600
0.00605269656575
23700
0.00596971196185
23800
0.0058887983638
23900
0.00580988209787
24000
0.00573289285899
24100
0.0056577635238
24200
0.00558442997597
24300
0.00551283094263
24400
0.00544290784121
24500
0.00537460463602
24600
0.00530786770371
24700
0.00524264570704
24800
0.00517888947645
24900
9
0.405339068544
200
0.400378557743
300
0.39501341814
400
