100
0.0458060964355
0
0.1034
---------------------------
0.0456305734652
1
0.1094
---------------------------
0.0455270333159
2
0.1106
---------------------------
0.0454585072077
3
0.1114
---------------------------
0.0454082820655
4
0.1134
---------------------------
0.0453687256087
5
0.1112
---------------------------
0.0453361332768
6
0.113
---------------------------
0.045308521616
7
0.1108
---------------------------
0.0452847074093
8
0.1146
---------------------------
0.0452639122593
9
0.1138
---------------------------
0.0452455826016
10
0.1152
---------------------------
0.0452293017989
11
0.116
---------------------------
0.0452147438843
12
0.1172
---------------------------
