0
0.077063610366
0.1228
---------------------------
1
0.0861368911788
0.0999
---------------------------
2
0.0891391312187
0.093
---------------------------
3
0.0881576220981
0.0996
---------------------------
4
0.0910422795908
0.0862
---------------------------
5
0.084662346845
0.0824
---------------------------
6
0.088986986862
0.0768
---------------------------
7
0.0915363890189
0.0851
---------------------------
8
0.0905941127688
0.0762
---------------------------
9
0.0867585861845
0.0723
---------------------------
10
0.0901897175412
0.0756
---------------------------
11
0.0814853076275
0.082
---------------------------
12
0.086597305102
0.0845
---------------------------
13
0.0864351169794
0.0799
---------------------------
14
0.0893419622774
0.0712
---------------------------
15
0.0845592711068
0.08
---------------------------
16
0.085584212872
0.0735
---------------------------
17
0.0895921013643
0.0788
---------------------------
18
0.0888607158351
0.0796
---------------------------
19
0.0859049885737
0.0825
---------------------------
20
0.0897885589101
0.0831
---------------------------
21
0.0885024081656
0.0771
---------------------------
22
0.0890669289434
0.0784
---------------------------
23
0.0849037431907
0.081
---------------------------
24
0.0831576834867
0.0778
---------------------------
25
0.0944005802754
0.0828
---------------------------
26
0.085295852225
0.1028
---------------------------
27
0.0788769955637
0.1004
---------------------------
28
0.0804038600963
0.1011
---------------------------
29
0.0783231158986
0.1061
---------------------------
30
0.082219442423
0.1064
---------------------------
31
0.0802417536014
0.1051
---------------------------
32
0.0966606792445
0.1014
---------------------------
33
0.0790962611159
0.1065
---------------------------
34
0.0789052353613
0.1044
---------------------------
35
0.0795598823039
0.1049
---------------------------
36
0.0780491372893
0.1079
---------------------------
37
0.0807010797524
0.1044
---------------------------
38
0.0840485720189
0.0969
---------------------------
39
0.0783947582388
0.1013
---------------------------
40
0.0797160607398
0.1074
---------------------------
41
0.0791994734776
0.1081
---------------------------
42
0.0837063869708
0.1047
---------------------------
43
0.0791599172616
0.101
---------------------------
44
0.0886860577992
0.1014
---------------------------
45
0.0845893169296
0.1034
---------------------------
46
0.0842974858864
0.101
---------------------------
47
0.0793702381072
0.1112
---------------------------
48
0.0817767653397
0.0974
---------------------------
49
0.0833081978793
0.0949
---------------------------
50
0.0818825263814
0.0927
---------------------------
51
0.0788091183165
0.0995
---------------------------
52
0.0790159305715
0.0985
---------------------------
53
0.0874911991937
0.0934
---------------------------
54
0.0807794575251
0.098
---------------------------
55
0.084778136219
0.0868
---------------------------
56
0.0803029687926
0.0983
---------------------------
57
0.0818852616305
0.094
---------------------------
58
0.0804453487086
0.0971
---------------------------
59
0.0840942965075
0.087
---------------------------
60
0.0832224516482
0.0925
---------------------------
61
0.0834425979469
0.0913
---------------------------
62
0.0861395055705
0.0883
---------------------------
63
0.0819107003469
0.09
---------------------------
64
0.0832881949336
0.0917
---------------------------
65
0.080464893255
0.0877
---------------------------
66
0.0806716622301
0.0878
---------------------------
67
0.0859586997162
0.0964
---------------------------
68
0.0811545171662
0.0922
---------------------------
69
0.0842206544638
0.0905
---------------------------
70
0.0854651635228
0.0971
---------------------------
71
0.0824617524202
0.0934
---------------------------
72
0.0814539112611
0.0905
---------------------------
73
0.0811898482823
0.0973
---------------------------
74
0.0855550292424
0.0889
---------------------------
75
0.0815804682912
0.0941
---------------------------
76
0.0805531644454
0.0957
---------------------------
77
0.0846575327373
0.0963
---------------------------
78
0.0807505836207
0.0986
---------------------------
79
0.080856960865
0.0922
---------------------------
80
0.0822966706194
0.092
---------------------------
81
0.0805792891159
0.0911
---------------------------
82
0.0815899508941
0.0902
---------------------------
83
0.0819997231069
0.0883
---------------------------
84
0.0811215189235
0.0941
---------------------------
85
0.0818656995534
0.0956
---------------------------
86
0.0806008551886
0.0913
---------------------------
87
0.0823094932443
0.0909
---------------------------
88
0.0859446854032
0.0945
---------------------------
89
0.0828384022264
0.0881
---------------------------
90
0.0867007365692
0.0891
---------------------------
91
0.0826649902896
0.0891
---------------------------
92
0.0847443522595
0.0894
---------------------------
93
0.081996145738
0.0906
---------------------------
94
0.0866806608888
0.0869
---------------------------
95
0.0838654484185
0.0963
---------------------------
96
0.085159159208
0.0899
---------------------------
97
0.0818023804728
0.0906
---------------------------
98
0.0862966281561
0.0891
---------------------------
99
0.0814067739958
0.0848
---------------------------
100
0.0807566311761
0.0949
---------------------------
101
0.0809117342896
0.0975
---------------------------
102
0.081486150123
0.0908
---------------------------
103
0.0843150732942
0.09
---------------------------
104
0.0862743257184
0.0872
---------------------------
105
0.0816173587388
0.0964
---------------------------
106
0.0829629990093
0.0942
---------------------------
107
0.0806504436282
0.0867
---------------------------
108
0.0848933170755
0.0932
---------------------------
109
0.0844742935209
0.0909
---------------------------
110
0.0817946008643
0.0934
---------------------------
111
0.0819242474423
0.0874
---------------------------
112
0.0829637525415
0.0873
---------------------------
113
0.0812026425306
0.0903
---------------------------
114
0.0809373080762
0.096
---------------------------
115
0.0865880986014
0.0974
---------------------------
116
0.0863782875767
0.0816
---------------------------
117
0.0817610291249
0.087
---------------------------
118
0.0853736492799
0.0825
---------------------------
119
0.083345471009
0.0918
---------------------------
120
0.0817337796351
0.0942
---------------------------
121
0.0821438539493
0.0943
---------------------------
122
0.0864370823208
0.095
---------------------------
123
0.086428874517
0.0892
---------------------------
124
0.0822598053072
0.0874
---------------------------
125
0.0826433110045
0.0935
---------------------------
126
0.0870526046335
0.0971
---------------------------
127
0.0808259496573
0.0927
---------------------------
128
0.0808566587674
0.0869
---------------------------
129
0.084825858127
0.0908
---------------------------
130
0.0819670903809
0.0925
---------------------------
131
0.0882339071126
0.0899
---------------------------
132
0.0800654686045
0.0955
---------------------------
133
0.083973191873
0.098
---------------------------
134
0.0811659797926
0.0913
---------------------------
135
0.0830380109662
0.0936
---------------------------
136
0.0824919279074
0.0866
---------------------------
137
0.0844890510695
0.0899
---------------------------
138
0.0857738937294
0.0896
---------------------------
139
0.0872568618828
0.0933
---------------------------
140
0.0860325259122
0.0897
---------------------------
141
0.0859544709415
0.0896
---------------------------
142
0.0809081095181
0.0887
---------------------------
143
0.0838448068495
0.0895
---------------------------
144
0.0828829653919
0.0905
---------------------------
145
0.0811382974366
0.0929
---------------------------
146
0.0866538688799
0.0915
---------------------------
147
0.0829224370204
0.0955
---------------------------
148
0.0858243859569
0.0879
---------------------------
149
0.0829333438737
0.0941
---------------------------
150
0.0822277672792
0.0857
---------------------------
151
0.086626403077
0.0902
---------------------------
152
0.0807106356232
0.0885
---------------------------
